1   0
2   0
3   0
4   0
5   0
6   0
7   0
8   0
9   0
10   5.149249e-165
11   5.014424e-129
12   2.107810e-102
13   2.081267e-82
14   3.164142e-67
15   2.458442e-55
16   5.173081e-46
17   1.753221e-38
18   1.971397e-32
19   1.488030e-27
20   1.640474e-23
21   4.057752e-20
22   2.899350e-17
23   7.666714e-15
24   9.114815e-13
25   5.401131e-11
26   1.826856e-09
27   2.394549e-37
28   1.125481e-33
29   1.968407e-30
30   1.507558e-27
31   5.414668e-25
32   1.061065e-22
33   1.183845e-20
34   8.367417e-19
35   3.873357e-17
36   1.236829e-15
37   2.830539e-14
38   4.861777e-13
39   6.518511e-12
40   6.980252e-11
41   6.056880e-10
42   4.372363e-09
43   2.681062e-08
44   1.426381e-07
45   6.677059e-07
46   2.712123e-06
47   1.002774e-05
48   3.410961e-05
49   1.019071e-04
50   2.858598e-04
51   7.425998e-04
52   1.800863e-03
53   4.109119e-03
54   8.830947e-03
55   1.816626e-02
56   3.561725e-02
57   9.124762e-02
58   2.101943e-01
59   4.353725e-01
60   8.516183e-01
61   1.009031e+00
62   9.694822e-01
63   1.371006e+00
64   1.865431e+00
65   2.697753e+00
66   3.791250e+00
67   6.996732e+00
68   1.199817e+01
69   1.346927e+01
70   1.403362e+01
71   1.589378e+01
72   1.720369e+01
73   2.120600e+01
74   2.565702e+01
75   3.174604e+01
76   3.898415e+01
77   4.656096e+01
78   5.483602e+01
79   6.462716e+01
80   7.438859e+01
81   8.598576e+01
82   9.667121e+01
83   1.125614e+02
84   1.262127e+02
85   1.401078e+02
86   1.539993e+02
87   1.715685e+02
88   1.900262e+02
89   2.051755e+02
90   2.196537e+02
91   2.359980e+02
92   2.513867e+02
93   2.659696e+02
94   2.779524e+02
95   2.920966e+02
96   3.051700e+02
97   3.207204e+02
98   3.353583e+02
99   3.445802e+02
100   3.521965e+02
101   3.619665e+02
102   3.696340e+02
103   3.700977e+02
104   3.659058e+02
105   3.654062e+02
106   3.622915e+02
107   3.520749e+02
108   3.392418e+02
109   3.273276e+02
110   3.095980e+02
111   2.890284e+02
112   2.664327e+02
113   2.450842e+02
114   2.247196e+02
115   1.904527e+02
116   1.383240e+02
117   1.025291e+02
118   5.378446e+01
119   4.661284e+00
120   0
121   0
122   0
123   0
124   0
125   0
126   0
127   0
128   0
129   0
130   0
131   0
132   0
133   0
134   0
135   0
136   0
137   0
138   0
139   0
140   0
141   0
142   0
143   0
144   0
145   0
146   0
147   0
148   0
149   0
150   0

tube name:
Boone/Fewell

Model Used::
TASMIP

kVp:
120

kV Ripple:
3

mm Cu:
1

mm Al:
2.5

Added Filtration:
(Z=48)__2mm
(C=4)__1mm 
